# Name        5Sigma_mag_arcsec2_g 5Sigma_mag_arcsec2_r 5Sigma_mag_arcsec2_z
  10213-9102  27.431065            26.924044            25.697467           
  10218-9101  27.525991            26.983376            25.910595           
  10221-12704 27.806608            27.006921            26.257685           
  10223-12704 28.336007            27.772484            26.705506           
  10508-1901  27.722638            27.06057             25.673906           
  10517-12704 27.706947            27.340034            26.278205           
  10517-6103  27.714794            27.365791            26.291773           
  11018-12703 28.143894            27.351372            26.408088           
  11020-12701 28.195345            27.528502            26.482829           
  11021-12702 28.411551            27.515433            26.259162           
  11022-12702 26.979991            26.416714            25.488363           
  11024-3703  27.528201            26.881148            25.985476           
  11744-1901  27.613562            26.893112            25.983366           
  11750-12703 28.168156            27.60162             26.416562           
  11752-12705 27.712032            27.05218             26.122046           
  11824-12702 27.082706            26.415438            25.868283           
  11939-12704 27.721633            27.133688            26.348739           
  11977-12704 27.357899            26.635501            25.470705           
  12071-9102  28.292024            27.921651            26.846987           
  12080-1902  28.22102             27.859353            26.642991           
  7443-3703   27.853825            27.007168            26.158904           
  7815-6101   27.21028             26.455785            25.489994           
  7992-12703  27.586974            27.211235            25.524855           
  8082-3701   27.369629            26.65406             25.754354           
  8134-6104   27.72255             27.25977             25.588599           
  8139-3702   28.466556            27.832948            26.784748           
  8145-3702   27.576162            26.96255             26.092103           
  8147-12704  27.738595            27.10349             25.970304           
  8149-6103   27.930995            27.228733            26.049474           
  8150-3701   28.274768            27.438403            26.321365           
  8257-3704   28.288037            27.835491            26.131035           
  8309-3703   27.72942             27.00018             26.387822           
  8323-12702  27.570387            26.762864            25.763486           
  8338-1901   27.773375            27.084601            26.110104           
  8439-1901   28.03915             27.383716            26.200493           
  8447-1901   27.770032            27.072795            26.097485           
  8449-6101   27.530827            26.880512            25.812513           
  8459-9102   27.99558             27.515861            26.305472           
  8461-1901   27.933515            27.370604            26.250278           
  8487-9101   27.885026            27.252748            26.192643           
  8546-12702  27.656477            26.839764            25.72868            
  8548-3702   27.764378            26.902697            25.725089           
  8548-9102   28.029252            27.172472            25.921552           
  8551-1902   27.986573            27.322357            25.894843           
  8551-6101   27.650167            26.894876            25.389067           
  8552-3701   28.060025            27.36787             26.265935           
  8552-6101   28.123354            27.411164            26.582351           
  8553-12703  27.872787            27.11588             25.850787           
  8554-12704  28.376936            27.999345            26.62556            
  8563-3704   27.849816            27.035161            25.66247            
  8564-1901   27.623962            26.916764            25.737322           
  8564-6104   28.076823            27.364728            26.105633           
  8565-6104   28.068557            27.246615            25.998949           
  8566-6103   28.223781            27.291552            25.716779           
  8567-6102   27.477607            26.819403            25.434184           
  8570-12701  27.41262             26.969254            26.101843           
  8596-6103   27.278763            26.733835            25.205055           
  8601-3703   27.762104            27.261424            25.860715           
  8611-6104   27.652698            26.916764            25.454893           
  8617-12705  27.79884             27.359213            25.999066           
  8618-1901   27.467316            27.002018            25.866941           
  8619-12704  27.107342            26.394613            25.634633           
  8619-12705  27.693632            26.978023            26.093311           
  8657-12704  28.246157            27.728621            26.590285           
  8657-6104   27.984259            27.50303             26.279527           
  8711-3703   27.839502            26.851987            25.600217           
  8713-1902   27.631386            26.809072            25.621092           
  8716-12701  27.981788            27.220885            26.101348           
  8716-12702  28.29862             27.154075            26.168298           
  8719-9101   28.574043            27.880862            26.706728           
  8722-3701   28.582132            27.905313            26.633695           
  8727-3702   27.811426            27.236402            26.18454            
  8728-6104   28.188595            27.697977            26.683428           
  8936-12704  27.941018            27.340501            26.153424           
  8936-6104   27.82072             27.360419            26.063856           
  8937-6102   27.915479            27.168529            26.123118           
  8937-6103   27.67255             26.890271            25.917996           
  8940-3704   27.435565            26.743829            25.735886           
  8942-12703  27.708113            27.055555            25.741471           
  8942-12705  27.737196            26.779309            25.999775           
  8942-3703   28.113595            27.345012            26.205559           
  8977-12704  27.704846            27.370279            26.005993           
  8977-3704   28.16929             27.740996            26.470738           
  8981-12705  28.169618            26.83944             26.421302           
  8982-12702  27.133346            26.644238            25.84567            
  8985-6101   27.535457            26.833046            26.067076           
  8987-1901   27.459192            26.70062             25.718982           
  8987-6103   27.7312              26.810195            25.791652           
  8989-3702   28.17256             27.450362            26.02816            
  8993-6101   27.55702             27.008872            25.542363           
  8995-9102   27.230147            26.418635            25.43485            
  8996-6104   28.049734            27.16964             26.25035            
  9001-12704  27.40547             26.520396            25.920717           
  9001-9102   27.858624            27.109363            25.617041           
  9033-1901   28.365589            27.50576             26.304685           
  9038-6103   28.026679            27.281576            26.019894           
  9038-9101   27.568153            26.628124            25.875546           
  9049-6101   27.493774            26.64513             25.735759           
  9091-6103   26.651764            25.89819             25.025765           
  9093-1902   27.556587            26.974986            26.055138           
  9093-6104   26.906501            26.160408            25.073248           
  9184-1902   27.688595            27.327076            26.122294           
  9190-1902   27.557545            26.944932            25.936273           
  9190-6103   27.383754            26.64135             25.960739           
  9484-12701  27.547036            27.56364             26.108258           
  9485-9102   28.2625              27.480319            26.227153           
  9493-12702  27.079608            27.050871            25.732208           
  9494-6103   27.358018            26.859762            25.564265           
  9495-1901   27.485861            26.649413            25.71085            
  9497-9101   27.760086            27.09566             25.979311           
  9502-6102   27.430227            26.760788            25.503727           
  9503-1901   27.494828            26.831696            25.913644           
  9504-6102   27.895235            27.483935            26.169058           
  9510-1901   27.623766            26.920452            25.736415           
  9863-12701  27.836752            27.252442            26.302279           
  9876-12704  27.594617            26.855472            25.854602           
  9885-12702  27.468586            26.704381            25.566628           
  9886-3701   27.385159            26.65597             25.559715           
  9886-6102   26.835133            26.237431            25.11958            